camera{
    1000 1000 0
    -1 -1 -8
    0 1 0
    800 
    600
    1500
}

light{
    -700 700 -2000
    255 255 255
}

sphere{
    0 600 -8000
    600
    material{
        0.01 0.1 0.01
        0 0 0
        0.01 0.01 0.01
        0.8 0.2 0.2
        0.3 0.3 0.3
        40
        1.5
    }
}

box{
    700 0 -8000
    700 500 -8000
    1200 0 -8500
    1200 0 -7500 
    material{
        0.01 0.1 0.01
        0 0 0
        0.01 0.01 0.01
        0.2 0.8 0.2
        0.3 0.3 0.3
        40
        1.5
    }
}

sphere{
    500 500 -4000
    300
    material{
        0 0 0
        1 1 1
        0.1 0.1 0.1
        0.1 0.2 0.3
        0.3 0.3 0.3
        40
        1.2
    }
}

sphere{
    0 -20000000 0
    20000000
    material{
        0.3 0.3 0.3
        0 0 0
        0.01 0.01 0.01
        1 1 1
        0.3 0.3 0.3
        40
        1.5
    }
}

end